212
DISTORTION HIERARCHICAL: [355133019395.9377, 211984221669.04886, 207994590136.3608, 196752213374.95956, 145885753905.5376, 73339588185.56026, 72986951812.24315, 62925657807.43205, 37490382899.7963, 30754683330.12072, 30522710097.315456, 19653705327.8246, 18992753329.124424, 18908757016.55021, 14493513775.288986]

DISTORTION K_MEANS: [194204933067.88162, 121658767347.90419, 120818040272.97252, 95382765365.33682, 76125162275.26419, 69404408805.67369, 56845918429.6827, 51057083117.0554, 45060501518.22067, 41440317826.9728, 36589222769.01075, 36454273396.203926, 18494050364.1729, 17545382190.64733, 16127651929.373045]

562
DISTORTION HIERARCHICAL: [1341235435450.2866, 1335053122466.4336, 1018233474132.4292, 895932791169.6853, 475194045058.0631, 415736597128.8702, 392219684447.10583, 306004502344.7203, 286056690543.1298, 267364824249.12415, 226459885742.40872, 205523712689.7545, 148414234692.82202, 139791163888.83295, 130939811152.133]

DISTORTION K_MEANS: [1488108061889.3071, 888829728600.4204, 806775313087.8262, 667410677315.3434, 564496280838.2029, 547508227071.0067, 414026729326.09894, 283500925210.1014, 251957008358.28006, 438051796942.9473, 386286714904.1847, 382637712753.42505, 305324658619.52454, 204602109047.81152, 203734980028.14786]

1041
DISTORTION HIERARCHICAL: [2497247032903.0283, 2222619830374.2134, 1375667596348.1187, 1140417892328.6836, 868707383504.1082, 846162895364.3564, 840742774899.233, 830979648143.1234, 619593702887.9216, 575365007811.4012, 501056283628.2639, 467062645124.6728, 421625589616.8628, 370370804442.0912, 366663659842.13776]

DISTORTION K_MEANS: [2524928272641.2495, 1568258715796.538, 1180744256177.8633, 1089884917987.2756, 846902771250.8722, 775488768350.1039, 774276048773.2698, 772758756794.6791, 711957846651.9125, 643895092233.2773, 624335242151.4619, 458568955530.61066, 425410848826.7105, 420450065218.2312, 383420553007.08875]

